1 0.187831 0.756080 0.087591 0.074209
1 0.400343 0.771308 0.087591 0.074209
1 0.531730 0.791989 0.087591 0.074209
1 0.643653 0.751843 0.087591 0.074209
1 0.813969 0.512184 0.087593 0.074210
1 0.616078 0.491502 0.087591 0.074209
1 0.528487 0.339435 0.087591 0.074209
1 0.268957 0.306588 0.087591 0.074209
1 0.841545 0.261576 0.087591 0.074209
1 0.413319 0.187366 0.087591 0.074210
1 0.756381 0.107686 0.121646 0.060821
0 0.400322 0.752432 0.113543 0.225060
0 0.531731 0.772525 0.113546 0.225060
0 0.654178 0.770194 0.113543 0.239916
0 0.621361 0.523057 0.113543 0.232539
0 0.191459 0.677504 0.113543 0.363974
0 0.269765 0.226900 0.114092 0.389846
0 0.410070 0.165467 0.122194 0.244051
0 0.798885 0.609635 0.113546 0.379140
0 0.845717 0.281148 0.113543 0.237486
0 0.527676 0.247586 0.129433 0.381544
0 0.771795 0.105857 0.113543 0.225061
