1 0.532520 0.773113 0.082724 0.076642
1 0.406832 0.789556 0.082726 0.076644
1 0.301398 0.737244 0.082726 0.076642
1 0.097019 0.667902 0.082726 0.076644
1 0.304643 0.487853 0.082726 0.076644
1 0.616077 0.523133 0.082724 0.076644
1 0.786394 0.581527 0.082726 0.076642
1 0.924269 0.352817 0.082726 0.076642
1 0.596613 0.355249 0.082726 0.076644
1 0.363037 0.268874 0.082726 0.076642
1 0.554440 0.180067 0.082726 0.076642
1 0.913271 0.196662 0.109802 0.052736
0 0.294834 0.715179 0.116788 0.229508
0 0.414942 0.762791 0.116788 0.229508
0 0.526869 0.793816 0.108863 0.230772
0 0.128241 0.595176 0.114097 0.362043
0 0.296489 0.477437 0.116788 0.206541
0 0.607967 0.549897 0.116788 0.229510
0 0.740528 0.673341 0.116788 0.381304
0 0.641608 0.270572 0.116788 0.384028
0 0.559830 0.162565 0.116788 0.239202
0 0.403646 0.190530 0.116788 0.391527
0 0.920184 0.381591 0.116788 0.243852
0 0.905839 0.187574 0.262747 0.084048
