1 0.221161 0.596392 0.102047 0.056782
1 0.489558 0.779823 0.102047 0.056782
1 0.614456 0.782257 0.102045 0.056782
1 0.718268 0.729946 0.102045 0.056782
1 0.919402 0.656952 0.102045 0.056782
1 0.393856 0.529216 0.102045 0.056782
1 0.067822 0.374715 0.102045 0.056782
1 0.388989 0.362549 0.102045 0.056782
1 0.617701 0.265226 0.102045 0.056782
1 0.418186 0.184933 0.102045 0.056782
1 0.695558 0.479337 0.102045 0.056780
1 0.070110 0.210716 0.076069 0.081201
0 0.271289 0.682943 0.114309 0.378694
0 0.070257 0.397216 0.117358 0.242097
0 0.495421 0.797879 0.114307 0.242348
0 0.609877 0.761799 0.114307 0.225432
0 0.718543 0.708251 0.114309 0.225476
0 0.877507 0.578517 0.114309 0.358540
0 0.694753 0.477511 0.112353 0.226555
0 0.574429 0.183896 0.114307 0.389666
0 0.414943 0.164252 0.114307 0.242348
0 0.342527 0.276364 0.114307 0.384174
0 0.398722 0.554763 0.114307 0.242348
0 0.081613 0.203179 0.108548 0.179265
