0 0.310510 0.262025 0.412400 0.178014
0 0.278079 0.454840 0.413820 0.167528
0 0.346130 0.653325 0.414606 0.174185
0 0.605988 0.409262 0.128650 0.550971
0 0.745027 0.387254 0.125765 0.534279
0 0.892791 0.380168 0.115875 0.538931
0 0.711044 0.773763 0.347852 0.175794
1 0.432162 0.260322 0.079380 0.085135
1 0.383666 0.461069 0.079380 0.080850
1 0.240834 0.652901 0.079242 0.084276
1 0.605267 0.276697 0.066605 0.103768
1 0.740758 0.242174 0.063869 0.102229
1 0.894407 0.513100 0.058825 0.104711
1 0.607206 0.740265 0.070256 0.066912
