1 0.175592 0.250981 0.313383 0.162338
1 0.222408 0.498419 0.393717 0.145863
1 0.284492 0.697631 0.384117 0.143513
1 0.340242 0.882912 0.366117 0.133550
1 0.632775 0.096575 0.401250 0.140075
1 0.685817 0.266075 0.397600 0.125500
1 0.748583 0.445700 0.389800 0.118175
1 0.791775 0.614563 0.384917 0.116775
1 0.822608 0.789487 0.334117 0.115150
0 0.217375 0.274819 0.380283 0.238588
0 0.256842 0.506475 0.470450 0.207325
0 0.306917 0.699106 0.480333 0.193187
0 0.362333 0.880906 0.462000 0.164587
0 0.617617 0.117019 0.498333 0.170813
0 0.688317 0.285325 0.500000 0.182525
0 0.746925 0.458131 0.490583 0.165238
0 0.773633 0.636219 0.447267 0.170888
0 0.796725 0.806894 0.397750 0.155337
