1 0.195132 0.549877 0.085969 0.082726
1 0.405210 0.771308 0.085971 0.082724
1 0.531731 0.795639 0.085969 0.082724
1 0.651764 0.761576 0.085969 0.082724
1 0.867496 0.720213 0.085969 0.082726
1 0.692314 0.508534 0.085969 0.082726
1 0.685826 0.281041 0.085971 0.082726
1 0.382501 0.509751 0.085969 0.082726
1 0.439273 0.347950 0.085969 0.082724
1 0.515510 0.186149 0.085969 0.082726
1 0.116483 0.309020 0.085969 0.082726
1 0.166754 0.151658 0.106160 0.058319
0 0.222018 0.645076 0.122141 0.375912
0 0.845064 0.636546 0.113084 0.361134
0 0.410891 0.787732 0.120180 0.243391
0 0.652578 0.739680 0.112239 0.221863
0 0.530109 0.770092 0.112239 0.221861
0 0.111064 0.330559 0.112236 0.238668
0 0.514490 0.156395 0.112239 0.235753
0 0.377763 0.532083 0.112239 0.232784
0 0.697876 0.499590 0.112236 0.205942
0 0.411701 0.257313 0.119456 0.392398
0 0.663929 0.201360 0.119454 0.387367
0 0.144065 0.152700 0.118415 0.227757
