1 0.475334 0.249074 0.078437 0.083943
1 0.639655 0.315022 0.061660 0.107056
1 0.391366 0.429030 0.077096 0.086277
1 0.779824 0.324877 0.062915 0.101669
1 0.881183 0.636155 0.061917 0.104099
1 0.221628 0.571705 0.078351 0.081324
1 0.563751 0.762796 0.062922 0.061844
0 0.357176 0.212541 0.409639 0.176398
0 0.289687 0.389292 0.411497 0.177617
0 0.320923 0.599106 0.411497 0.171424
0 0.618099 0.436764 0.126824 0.552374
0 0.755951 0.466412 0.122262 0.533730
0 0.900542 0.498792 0.124088 0.535152
0 0.661535 0.824744 0.341604 0.168672
