1 0.307233 0.454141 0.112481 0.084115
1 0.397214 0.319766 0.131527 0.098490
1 0.667786 0.392708 0.168168 0.139375
1 0.667290 0.646328 0.151527 0.127031
1 0.327939 0.710599 0.209542 0.176198
1 0.817156 0.952526 0.179427 0.162448
1 0.878760 0.701328 0.076527 0.162448
0 0.342099 0.259245 0.299924 0.205990
0 0.311011 0.454219 0.299885 0.206042
0 0.671508 0.386927 0.299885 0.206042
0 0.616050 0.590859 0.299885 0.205990
0 0.217176 0.668568 0.518779 0.257240
0 0.688492 0.875677 0.464466 0.261146
0 0.871011 0.604453 0.152176 0.399010
