1 0.146305 0.725587 0.079314 0.075425
1 0.364658 0.755493 0.079311 0.075425
1 0.481446 0.793206 0.079311 0.075425
1 0.601479 0.762791 0.079311 0.075425
1 0.802616 0.538948 0.079311 0.075427
1 0.875607 0.291990 0.079314 0.075425
1 0.551196 0.349168 0.079311 0.075425
1 0.617700 0.503669 0.079311 0.075425
1 0.306264 0.519483 0.079311 0.075425
1 0.301398 0.293206 0.079314 0.075425
1 0.463604 0.180067 0.079314 0.075425
1 0.818469 0.142711 0.106811 0.058955
0 0.357407 0.740571 0.111923 0.222027
0 0.481446 0.767658 0.111921 0.222029
0 0.606536 0.785304 0.111923 0.235671
0 0.785371 0.632721 0.111923 0.376175
0 0.158227 0.645176 0.111921 0.365243
0 0.316830 0.213617 0.111923 0.386947
0 0.465726 0.158862 0.111923 0.237994
0 0.572919 0.253270 0.111921 0.385473
0 0.878344 0.318087 0.111921 0.238048
0 0.839852 0.139642 0.111921 0.237033
0 0.307886 0.502451 0.111921 0.222027
0 0.622567 0.526782 0.111921 0.222027
