1 0.204863 0.664839 0.080394 0.073838
1 0.274635 0.739073 0.073779 0.075184
1 0.397101 0.767658 0.087591 0.076644
1 0.596613 0.841868 0.087591 0.076642
1 0.638786 0.600992 0.087591 0.076644
1 0.401965 0.451357 0.087591 0.076642
1 0.231650 0.391745 0.087591 0.076642
1 0.830189 0.422159 0.087591 0.076644
1 0.578770 0.354034 0.087591 0.076642
1 0.781529 0.260359 0.087591 0.076642
1 0.367904 0.163036 0.087591 0.076642
1 0.540919 0.072655 0.099666 0.057474
0 0.375542 0.470483 0.120033 0.235697
0 0.184610 0.676417 0.120033 0.235699
0 0.166478 0.475429 0.120033 0.377997
0 0.298154 0.721429 0.120033 0.235699
0 0.416564 0.755493 0.120033 0.235699
0 0.648275 0.772757 0.120033 0.359184
0 0.649708 0.596176 0.120033 0.205931
0 0.644900 0.269943 0.120033 0.386984
0 0.805859 0.244544 0.120033 0.235699
0 0.875460 0.354744 0.120033 0.387777
0 0.346816 0.182501 0.120033 0.235699
0 0.528486 0.057196 0.120030 0.235699
