1 0.217443 0.452115 0.076644 0.087591
1 0.416239 0.383422 0.082271 0.084379
1 0.537313 0.245561 0.068978 0.109676
1 0.674933 0.383590 0.061465 0.113870
1 0.805372 0.453582 0.061465 0.113868
1 0.828365 0.789348 0.061467 0.113868
1 0.501551 0.771047 0.062202 0.070026
0 0.629196 0.488870 0.132988 0.542871
0 0.751723 0.571830 0.132987 0.542871
0 0.882014 0.668179 0.132988 0.542871
0 0.322328 0.305920 0.132988 0.556597
0 0.433109 0.164530 0.132987 0.556599
0 0.301722 0.517814 0.132988 0.556599
0 0.603912 0.885698 0.132988 0.556597
