1 0.305267 0.674219 0.210534 0.170729
1 0.311870 0.421849 0.130992 0.114115
1 0.645553 0.684479 0.159427 0.122188
1 0.418950 0.303698 0.135992 0.111458
1 0.679580 0.433984 0.177786 0.130885
1 0.847634 0.787187 0.068015 0.170729
1 0.767710 0.997708 0.175878 0.138437
0 0.375649 0.225313 0.288092 0.201458
0 0.315649 0.417448 0.288092 0.201458
0 0.679790 0.421823 0.295916 0.201458
0 0.603168 0.615156 0.305115 0.201458
0 0.194809 0.606667 0.530916 0.259896
0 0.643760 0.914062 0.470954 0.244792
0 0.854160 0.680964 0.154885 0.423698
